127
2 18912

0	108	
108	0	
-1	0	
108
3 21192

0	207	30	
207	0	24	
30	24	0	
-1	-1	0	
30
4 26878

0	105	110	15	
105	0	136	174	
110	136	0	237	
15	174	237	0	
-1	-1	-1	0	
15
5 15720

0	30	144	188	42	
30	0	100	233	98	
144	100	0	236	45	
188	233	236	0	149	
42	98	45	149	0	
-1	-1	-1	-1	0	
42
6 31479

0	259	216	142	27	187	
259	0	27	191	182	255	
216	27	0	219	95	71	
142	191	219	0	57	37	
27	182	95	57	0	77	
187	255	71	37	77	0	
-1	-1	-1	-1	0	4	
104
7 24985

0	246	121	160	256	109	51	
246	0	62	164	184	194	181	
121	62	0	96	137	108	69	
160	164	96	0	7	94	167	
256	184	137	7	0	9	239	
109	194	108	94	9	0	172	
51	181	69	167	239	172	0	
-1	-1	-1	-1	-1	-1	0	
51
8 2215

0	205	201	248	188	181	125	206	
205	0	160	132	176	123	215	189	
201	160	0	130	140	87	88	122	
248	132	130	0	259	67	237	175	
188	176	140	259	0	226	170	193	
181	123	87	67	226	0	79	225	
125	215	88	237	170	79	0	177	
206	189	122	175	193	225	177	0	
-1	-1	-1	-1	-1	-1	-1	0	
206
9 8804

0	103	125	146	218	73	114	258	232	
103	0	41	138	103	260	102	151	143	
125	41	0	252	96	59	86	69	81	
146	138	252	0	189	118	230	120	192	
218	103	96	189	0	124	243	108	212	
73	260	59	118	124	0	219	167	80	
114	102	86	230	243	219	0	211	246	
258	151	69	120	108	167	211	0	69	
232	143	81	192	212	80	246	69	0	
-1	-1	-1	-1	-1	0	-1	-1	5	
153
10 9928

0	178	200	184	172	91	22	17	63	87	
178	0	37	19	147	50	62	149	206	154	
200	37	0	206	200	19	80	145	179	216	
184	19	206	0	172	184	224	212	77	162	
172	147	200	172	0	89	147	61	129	117	
91	50	19	184	89	0	245	222	8	102	
22	62	80	224	147	245	0	28	25	146	
17	149	145	212	61	222	28	0	26	145	
63	206	179	77	129	8	25	26	0	11	
87	154	216	162	117	102	146	145	11	0	
-1	-1	-1	-1	-1	-1	-1	0	7	8	
54
11 24813

0	108	5	56	21	37	79	131	70	257	70	
108	0	227	15	170	113	248	202	224	112	72	
5	227	0	11	238	90	257	90	142	255	135	
56	15	11	0	49	147	178	145	53	168	248	
21	170	238	49	0	136	94	52	48	249	116	
37	113	90	147	136	0	172	183	68	37	33	
79	248	257	178	94	172	0	49	121	61	228	
131	202	90	145	52	183	49	0	179	146	193	
70	224	142	53	48	68	121	179	0	240	39	
257	112	255	168	249	37	61	146	240	0	38	
70	72	135	248	116	33	228	193	39	38	0	
-1	-1	-1	-1	-1	-1	-1	-1	-1	-1	0	
70
12 3271

0	70	43	13	18	215	47	10	161	41	144	228	
70	0	17	213	63	25	66	45	34	117	55	130	
43	17	0	114	135	55	159	93	248	259	100	180	
13	213	114	0	224	223	11	187	53	70	111	63	
18	63	135	224	0	139	80	158	102	214	14	196	
215	25	55	223	139	0	231	208	34	55	170	69	
47	66	159	11	80	231	0	170	172	109	212	228	
10	45	93	187	158	208	170	0	144	219	170	233	
161	34	248	53	102	34	172	144	0	95	199	181	
41	117	259	70	214	55	109	219	95	0	199	226	
144	55	100	111	14	170	212	170	199	199	0	42	
228	130	180	63	196	69	228	233	181	226	42	0	
-1	-1	-1	-1	0	-1	-1	-1	-1	-1	4	10	
74
13 6929

0	17	39	260	108	179	185	51	171	22	124	218	155	
17	0	250	152	84	233	139	168	224	235	235	54	20	
39	250	0	183	198	236	183	173	45	85	173	179	96	
260	152	183	0	50	256	51	157	233	126	93	99	45	
108	84	198	50	0	221	48	161	260	42	202	183	81	
179	233	236	256	221	0	30	92	225	131	83	196	215	
185	139	183	51	48	30	0	129	111	34	56	73	20	
51	168	173	157	161	92	129	0	182	210	242	7	249	
171	224	45	233	260	225	111	182	0	27	55	61	48	
22	235	85	126	42	131	34	210	27	0	55	110	217	
124	235	173	93	202	83	56	242	55	55	0	133	72	
218	54	179	99	183	196	73	7	61	110	133	0	99	
155	20	96	45	81	215	20	249	48	217	72	99	0	
-1	0	-1	-1	-1	-1	-1	-1	-1	-1	-1	-1	1	
37
14 26360

0	53	151	75	58	102	82	203	208	227	49	17	255	127	
53	0	199	52	27	205	29	134	25	73	223	142	131	110	
151	199	0	47	258	36	192	115	36	228	258	68	229	176	
75	52	47	0	204	173	135	44	29	169	253	239	43	140	
58	27	258	204	0	252	51	78	49	202	243	210	93	247	
102	205	36	173	252	0	189	146	223	82	33	36	226	240	
82	29	192	135	51	189	0	212	159	208	21	147	35	118	
203	134	115	44	78	146	212	0	95	19	31	151	75	196	
208	25	36	29	49	223	159	95	0	224	252	113	254	15	
227	73	228	169	202	82	208	19	224	0	176	95	52	5	
49	223	258	253	243	33	21	31	252	176	0	165	101	86	
17	142	68	239	210	36	147	151	113	95	165	0	245	123	
255	131	229	43	93	226	35	75	254	52	101	245	0	95	
127	110	176	140	247	240	118	196	15	5	86	123	95	0	
-1	0	-1	-1	-1	-1	-1	-1	1	-1	-1	-1	-1	8	
93
15 13378

0	51	236	204	145	207	188	36	127	77	186	192	61	155	127	
51	0	27	222	104	92	134	50	30	102	39	68	230	256	224	
236	27	0	179	225	130	90	239	26	249	213	46	41	36	52	
204	222	179	0	177	125	152	162	212	56	208	181	13	197	163	
145	104	225	177	0	252	51	170	178	259	247	119	177	176	232	
207	92	130	125	252	0	212	230	72	159	130	44	27	151	224	
188	134	90	152	51	212	0	23	164	25	19	79	139	236	185	
36	50	239	162	170	230	23	0	72	21	150	140	191	250	110	
127	30	26	212	178	72	164	72	0	231	198	61	172	30	155	
77	102	249	56	259	159	25	21	231	0	150	49	76	36	96	
186	39	213	208	247	130	19	150	198	150	0	15	80	39	181	
192	68	46	181	119	44	79	140	61	49	15	0	238	40	230	
61	230	41	13	177	27	139	191	172	76	80	238	0	125	73	
155	256	36	197	176	151	236	250	30	36	39	40	125	0	131	
127	224	52	163	232	224	185	110	155	96	181	230	73	131	0	
-1	-1	-1	-1	-1	-1	-1	-1	-1	-1	-1	-1	-1	-1	0	
127
16 11669

0	20	19	52	191	81	56	207	192	96	252	139	217	109	43	10	
20	0	136	230	93	49	142	233	9	82	221	44	126	135	234	46	
19	136	0	109	143	107	45	248	72	256	16	240	101	258	43	75	
52	230	109	0	207	191	116	90	189	228	139	72	99	241	17	171	
191	93	143	207	0	144	257	137	148	193	143	137	235	165	139	6	
81	49	107	191	144	0	143	116	183	98	114	35	166	221	71	221	
56	142	45	116	257	143	0	102	103	55	70	223	33	150	161	207	
207	233	248	90	137	116	102	0	192	156	195	170	149	41	102	207	
192	9	72	189	148	183	103	192	0	38	175	136	223	205	66	213	
96	82	256	228	193	98	55	156	38	0	62	245	256	253	182	14	
252	221	16	139	143	114	70	195	175	62	0	108	26	68	241	122	
139	44	240	72	137	35	223	170	136	245	108	0	144	176	118	202	
217	126	101	99	235	166	33	149	223	256	26	144	0	249	247	187	
109	135	258	241	165	221	150	41	205	253	68	176	249	0	136	256	
43	234	43	17	139	71	161	102	66	182	241	118	247	136	0	146	
10	46	75	171	6	221	207	207	213	14	122	202	187	256	146	0	
-1	-1	-1	-1	-1	-1	-1	-1	-1	-1	-1	-1	-1	-1	-1	0	
10
17 8590

0	130	156	196	130	109	30	202	27	32	106	130	205	36	90	223	124	
130	0	250	184	15	209	152	151	217	128	244	109	137	95	177	111	18	
156	250	0	57	172	250	164	170	238	61	63	86	115	250	53	170	189	
196	184	57	0	169	153	61	158	40	98	92	148	87	247	121	172	174	
130	15	172	169	0	137	20	173	23	82	226	30	256	201	93	43	167	
109	209	250	153	137	0	176	93	200	141	202	163	245	195	41	116	245	
30	152	164	61	20	176	0	71	246	23	143	215	35	210	55	49	185	
202	151	170	158	173	93	71	0	242	182	123	110	177	192	154	85	66	
27	217	238	40	23	200	246	242	0	82	135	206	249	207	61	175	189	
32	128	61	98	82	141	23	182	82	0	209	224	195	138	16	93	5	
106	244	63	92	226	202	143	123	135	209	0	252	66	47	160	39	52	
130	109	86	148	30	163	215	110	206	224	252	0	24	64	205	178	165	
205	137	115	87	256	245	35	177	249	195	66	24	0	49	81	14	171	
36	95	250	247	201	195	210	192	207	138	47	64	49	0	247	104	27	
90	177	53	121	93	41	55	154	61	16	160	205	81	247	0	8	127	
223	111	170	172	43	116	49	85	175	93	39	178	14	104	8	0	22	
124	18	189	174	167	245	185	66	189	5	52	165	171	27	127	22	0	
-1	-1	-1	-1	-1	-1	-1	-1	-1	0	-1	-1	-1	-1	-1	-1	9	
37
18 29418

0	157	38	177	253	151	248	100	185	225	70	181	63	233	207	140	137	223	
157	0	74	245	22	215	129	198	228	50	181	232	79	91	146	249	115	73	
38	74	0	150	39	125	137	197	99	153	133	128	72	163	205	203	192	227	
177	245	150	0	145	117	67	123	238	50	155	126	36	173	6	15	47	145	
253	22	39	145	0	102	208	182	175	121	49	211	186	237	88	169	239	248	
151	215	125	117	102	0	11	145	21	58	7	202	84	117	228	164	213	57	
248	129	137	67	208	11	0	218	206	211	165	27	96	88	82	61	22	117	
100	198	197	123	182	145	218	0	95	162	192	166	161	165	251	224	104	212	
185	228	99	238	175	21	206	95	0	206	233	201	60	136	171	183	206	90	
225	50	153	50	121	58	211	162	206	0	112	151	202	180	129	180	84	231	
70	181	133	155	49	7	165	192	233	112	0	215	28	221	26	91	127	121	
181	232	128	126	211	202	27	166	201	151	215	0	81	50	236	233	111	123	
63	79	72	36	186	84	96	161	60	202	28	81	0	60	126	225	122	171	
233	91	163	173	237	117	88	165	136	180	221	50	60	0	254	37	6	253	
207	146	205	6	88	228	82	251	171	129	26	236	126	254	0	118	99	234	
140	249	203	15	169	164	61	224	183	180	91	233	225	37	118	0	64	102	
137	115	192	47	239	213	22	104	206	84	127	111	122	6	99	64	0	39	
223	73	227	145	248	57	117	212	90	231	121	123	171	253	234	102	39	0	
-1	-1	-1	-1	-1	10	-1	-1	-1	-1	0	-1	-1	-1	-1	-1	-1	5	
134
19 9150

0	45	68	40	257	164	231	231	70	72	156	30	13	220	87	65	176	223	235	
45	0	29	244	7	252	93	219	99	202	246	108	68	63	22	186	170	212	77	
68	29	0	143	113	15	39	180	222	98	87	50	181	197	190	126	48	134	106	
40	244	143	0	92	84	240	78	75	230	106	218	47	223	181	117	40	184	43	
257	7	113	92	0	35	98	93	160	76	119	143	154	128	60	253	10	106	210	
164	252	15	84	35	0	49	84	132	103	150	159	254	255	24	186	205	197	170	
231	93	39	240	98	49	0	183	71	220	15	243	23	211	123	233	218	162	33	
231	219	180	78	93	84	183	0	231	240	167	140	78	20	143	241	42	185	207	
70	99	222	75	160	132	71	231	0	86	31	81	41	159	71	33	68	180	90	
72	202	98	230	76	103	220	240	86	0	11	168	69	57	203	242	8	195	15	
156	246	87	106	119	150	15	167	31	11	0	8	99	57	125	222	69	27	130	
30	108	50	218	143	159	243	140	81	168	8	0	43	72	101	154	137	26	238	
13	68	181	47	154	254	23	78	41	69	99	43	0	65	162	68	68	110	233	
220	63	197	223	128	255	211	20	159	57	57	72	65	0	183	239	250	192	82	
87	22	190	181	60	24	123	143	71	203	125	101	162	183	0	84	258	69	111	
65	186	126	117	253	186	233	241	33	242	222	154	68	239	84	0	181	146	156	
176	170	48	40	10	205	218	42	68	8	69	137	68	250	258	181	0	197	183	
223	212	134	184	106	197	162	185	180	195	27	26	110	192	69	146	197	0	47	
235	77	106	43	210	170	33	207	90	15	130	238	233	82	111	156	183	47	0	
-1	-1	-1	-1	-1	-1	-1	-1	-1	10	11	0	-1	-1	-1	-1	-1	-1	9	
64
20 13035

0	54	138	67	134	8	199	142	161	175	107	49	46	202	182	62	211	37	153	96	
54	0	228	234	58	254	216	237	72	219	85	31	133	70	56	137	223	225	65	117	
138	228	0	172	248	102	64	64	21	21	21	131	119	206	240	112	198	180	221	114	
67	234	172	0	242	168	135	134	239	189	44	121	52	219	124	104	112	7	164	158	
134	58	248	242	0	236	43	17	215	179	172	127	251	243	190	240	190	179	140	176	
8	254	102	168	236	0	149	103	142	164	111	240	178	212	102	147	198	111	203	137	
199	216	64	135	43	149	0	26	37	242	249	146	231	148	188	136	251	162	154	148	
142	237	64	134	17	103	26	0	31	27	102	105	16	10	47	259	108	231	100	173	
161	72	21	239	215	142	37	31	0	235	221	126	218	207	105	152	86	226	61	151	
175	219	21	189	179	164	242	27	235	0	52	198	177	175	97	180	139	104	142	242	
107	85	21	44	172	111	249	102	221	52	0	161	12	249	26	236	228	127	208	251	
49	31	131	121	127	240	146	105	126	198	161	0	7	248	46	73	143	176	93	43	
46	133	119	52	251	178	231	16	218	177	12	7	0	47	162	231	16	66	106	46	
202	70	206	219	243	212	148	10	207	175	249	248	47	0	227	215	79	64	127	212	
182	56	240	124	190	102	188	47	105	97	26	46	162	227	0	192	243	28	96	202	
62	137	112	104	240	147	136	259	152	180	236	73	231	215	192	0	251	251	25	181	
211	223	198	112	190	198	251	108	86	139	228	143	16	79	243	251	0	258	234	154	
37	225	180	7	179	111	162	231	226	104	127	176	66	64	28	251	258	0	253	95	
153	65	221	164	140	203	154	100	61	142	208	93	106	127	96	25	234	253	0	21	
96	117	114	158	176	137	148	173	151	242	251	43	46	212	202	181	154	95	21	0	
-1	-1	-1	-1	-1	-1	-1	-1	-1	-1	-1	-1	0	-1	-1	-1	-1	-1	-1	12	
92
21 7448

0	101	85	130	69	237	191	169	129	79	143	178	146	255	217	195	163	64	244	15	133	
101	0	130	250	138	15	237	21	108	20	97	54	33	12	16	174	184	128	13	27	176	
85	130	0	237	134	196	123	254	215	240	9	140	33	40	16	111	120	24	179	8	90	
130	250	237	0	242	180	254	227	210	148	53	231	36	69	259	179	42	134	189	226	190	
69	138	134	242	0	57	50	106	94	96	100	78	126	59	153	242	164	132	241	253	6	
237	15	196	180	57	0	214	34	60	105	152	24	99	61	227	21	115	134	238	212	253	
191	237	123	254	50	214	0	47	141	221	206	254	113	28	191	237	63	116	103	154	196	
169	21	254	227	106	34	47	0	231	191	150	150	79	146	173	230	235	210	123	16	221	
129	108	215	210	94	60	141	231	0	121	44	143	180	96	78	171	55	133	67	9	160	
79	20	240	148	96	105	221	191	121	0	19	157	244	206	150	31	110	5	198	247	54	
143	97	9	53	100	152	206	150	44	19	0	32	252	32	167	186	169	113	183	255	232	
178	54	140	231	78	24	254	150	143	157	32	0	230	124	85	182	224	56	190	17	182	
146	33	33	36	126	99	113	79	180	244	252	230	0	234	185	43	216	120	218	165	57	
255	12	40	69	59	61	28	146	96	206	32	124	234	0	232	185	87	150	56	183	197	
217	16	16	259	153	227	191	173	78	150	167	85	185	232	0	75	206	215	61	254	174	
195	174	111	179	242	21	237	230	171	31	186	182	43	185	75	0	233	230	91	142	8	
163	184	120	42	164	115	63	235	55	110	169	224	216	87	206	233	0	208	168	25	90	
64	128	24	134	132	134	116	210	133	5	113	56	120	150	215	230	208	0	11	116	186	
244	13	179	189	241	238	103	123	67	198	183	190	218	56	61	91	168	11	0	204	12	
15	27	8	226	253	212	154	16	9	247	255	17	165	183	254	142	25	116	204	0	76	
133	176	90	190	6	253	196	221	160	54	232	182	57	197	174	8	90	186	12	76	0	
-1	19	-1	-1	-1	-1	-1	-1	-1	-1	-1	-1	-1	-1	-1	-1	-1	-1	1	0	18	
67
22 32217

0	74	38	132	27	258	27	81	87	48	37	200	230	88	153	238	108	138	81	207	184	13	
74	0	126	25	245	200	181	28	218	105	6	31	63	89	250	108	157	241	191	227	46	137	
38	126	0	180	229	192	34	161	217	178	45	144	139	106	42	75	113	80	130	59	17	27	
132	25	180	0	193	203	30	59	25	56	76	163	61	151	118	166	179	168	11	158	133	106	
27	245	229	193	0	59	129	231	26	99	147	255	39	62	15	36	22	140	216	77	208	233	
258	200	192	203	59	0	153	246	157	140	27	26	119	139	186	16	226	248	107	110	83	204	
27	181	34	30	129	153	0	11	78	73	183	47	191	121	199	207	58	206	38	156	72	175	
81	28	161	59	231	246	11	0	159	91	66	119	91	10	184	112	205	99	256	217	33	179	
87	218	217	25	26	157	78	159	0	126	63	113	13	188	219	239	225	72	36	97	117	198	
48	105	178	56	99	140	73	91	126	0	226	79	130	90	26	99	35	53	171	232	18	98	
37	6	45	76	147	27	183	66	63	226	0	120	117	69	13	101	52	251	236	148	256	220	
200	31	144	163	255	26	47	119	113	79	120	0	152	67	64	20	40	180	112	222	171	210	
230	63	139	61	39	119	191	91	13	130	117	152	0	146	173	213	197	228	78	239	171	227	
88	89	106	151	62	139	121	10	188	90	69	67	146	0	70	111	83	12	116	103	72	167	
153	250	42	118	15	186	199	184	219	26	13	64	173	70	0	201	51	146	99	69	20	32	
238	108	75	166	36	16	207	112	239	99	101	20	213	111	201	0	143	25	23	16	66	38	
108	157	113	179	22	226	58	205	225	35	52	40	197	83	51	143	0	212	210	98	28	196	
138	241	80	168	140	248	206	99	72	53	251	180	228	12	146	25	212	0	167	100	112	144	
81	191	130	11	216	107	38	256	36	171	236	112	78	116	99	23	210	167	0	182	38	52	
207	227	59	158	77	110	156	217	97	232	148	222	239	103	69	16	98	100	182	0	171	191	
184	46	17	133	208	83	72	33	117	18	256	171	171	72	20	66	28	112	38	171	0	54	
13	137	27	106	233	204	175	179	198	98	220	210	227	167	32	38	196	144	52	191	54	0	
-1	-1	-1	-1	-1	-1	-1	-1	-1	-1	-1	-1	-1	-1	-1	-1	-1	-1	-1	-1	-1	0	
13
23 10367

0	200	73	76	67	58	112	101	163	14	246	244	158	105	205	97	138	75	125	142	192	137	127	
200	0	72	80	255	9	65	178	21	29	134	209	71	105	184	177	43	191	12	139	124	17	205	
73	72	0	170	249	60	243	194	105	252	190	75	14	176	28	110	190	19	59	18	234	145	45	
76	80	170	0	64	111	51	111	258	53	175	114	147	96	134	88	81	60	68	235	175	96	64	
67	255	249	64	0	66	147	16	85	235	88	51	124	157	49	222	20	249	207	47	52	82	172	
58	9	60	111	66	0	71	5	86	200	197	180	73	151	58	47	257	231	258	57	72	256	149	
112	65	243	51	147	71	0	80	145	75	220	188	26	203	175	221	112	50	184	163	61	212	133	
101	178	194	111	16	5	80	0	18	226	190	252	157	16	204	100	205	239	177	86	10	60	43	
163	21	105	258	85	86	145	18	0	103	206	165	56	48	158	248	93	108	72	177	210	187	26	
14	29	252	53	235	200	75	226	103	0	244	62	231	13	19	144	28	88	114	171	196	75	145	
246	134	190	175	88	197	220	190	206	244	0	182	227	25	119	124	54	168	191	140	23	33	183	
244	209	75	114	51	180	188	252	165	62	182	0	166	190	249	121	176	184	127	241	184	101	117	
158	71	14	147	124	73	26	157	56	231	227	166	0	133	171	189	246	104	103	117	238	122	223	
105	105	176	96	157	151	203	16	48	13	25	190	133	0	9	177	97	164	161	137	76	100	178	
205	184	28	134	49	58	175	204	158	19	119	249	171	9	0	35	136	36	173	164	86	157	68	
97	177	110	88	222	47	221	100	248	144	124	121	189	177	35	0	85	48	81	33	63	128	22	
138	43	190	81	20	257	112	205	93	28	54	176	246	97	136	85	0	253	9	204	248	49	104	
75	191	19	60	249	231	50	239	108	88	168	184	104	164	36	48	253	0	256	18	252	92	139	
125	12	59	68	207	258	184	177	72	114	191	127	103	161	173	81	9	256	0	220	198	146	50	
142	139	18	235	47	57	163	86	177	171	140	241	117	137	164	33	204	18	220	0	228	228	200	
192	124	234	175	52	72	61	10	210	196	23	184	238	76	86	63	248	252	198	228	0	69	256	
137	17	145	96	82	256	212	60	187	75	33	101	122	100	157	128	49	92	146	228	69	0	145	
127	205	45	64	172	149	133	43	26	145	183	117	223	178	68	22	104	139	50	200	256	145	0	
-1	-1	-1	-1	-1	-1	-1	13	-1	0	-1	-1	-1	9	-1	-1	-1	-1	-1	-1	-1	-1	7	
86
24 26336

0	31	88	100	56	208	73	217	136	50	123	24	95	236	51	71	7	72	197	238	118	233	47	48	
31	0	232	17	220	135	38	220	257	175	193	29	60	254	246	252	120	259	151	168	258	123	220	7	
88	232	0	74	193	101	6	38	123	40	72	216	40	76	37	57	124	28	226	13	40	29	235	161	
100	17	74	0	14	181	35	258	225	218	22	232	226	81	205	146	42	169	166	232	110	247	189	153	
56	220	193	14	0	25	105	198	254	238	152	148	63	111	11	198	8	241	108	22	224	161	213	68	
208	135	101	181	25	0	25	199	66	136	167	51	165	199	80	83	248	130	100	254	248	117	114	29	
73	38	6	35	105	25	0	249	87	258	34	109	115	189	219	34	158	216	50	16	224	113	47	156	
217	220	38	258	198	199	249	0	210	113	197	11	82	201	243	244	74	243	175	215	201	18	185	111	
136	257	123	225	254	66	87	210	0	132	81	239	189	255	73	68	239	245	98	144	156	114	232	245	
50	175	40	218	238	136	258	113	132	0	69	176	70	224	34	66	210	79	73	237	233	148	71	130	
123	193	72	22	152	167	34	197	81	69	0	28	54	166	63	188	215	24	84	120	173	123	172	39	
24	29	216	232	148	51	109	11	239	176	28	0	77	57	179	75	176	248	78	247	173	78	132	197	
95	60	40	226	63	165	115	82	189	70	54	77	0	128	229	141	32	66	198	76	226	136	183	240	
236	254	76	81	111	199	189	201	255	224	166	57	128	0	247	147	244	178	39	165	184	86	24	81	
51	246	37	205	11	80	219	243	73	34	63	179	229	247	0	57	160	61	60	162	127	18	145	121	
71	252	57	146	198	83	34	244	68	66	188	75	141	147	57	0	96	44	183	170	110	31	36	211	
7	120	124	42	8	248	158	74	239	210	215	176	32	244	160	96	0	127	113	233	160	58	168	147	
72	259	28	169	241	130	216	243	245	79	24	248	66	178	61	44	127	0	80	241	242	186	7	32	
197	151	226	166	108	100	50	175	98	73	84	78	198	39	60	183	113	80	0	243	96	199	109	83	
238	168	13	232	22	254	16	215	144	237	120	247	76	165	162	170	233	241	243	0	231	24	43	69	
118	258	40	110	224	248	224	201	156	233	173	173	226	184	127	110	160	242	96	231	0	109	89	52	
233	123	29	247	161	117	113	18	114	148	123	78	136	86	18	31	58	186	199	24	109	0	123	223	
47	220	235	189	213	114	47	185	232	71	172	132	183	24	145	36	168	7	109	43	89	123	0	100	
48	7	161	153	68	29	156	111	245	130	39	197	240	81	121	211	147	32	83	69	52	223	100	0	
-1	0	-1	-1	-1	-1	-1	-1	-1	-1	-1	-1	-1	-1	-1	-1	-1	-1	-1	-1	-1	-1	-1	1	
38
25 27081

0	68	102	97	245	215	126	116	215	253	99	244	152	238	166	216	103	162	243	105	14	152	239	204	248	
68	0	29	143	111	163	68	78	236	250	159	110	57	95	178	215	86	240	27	23	217	197	116	25	194	
102	29	0	213	51	154	14	232	131	236	227	243	38	148	10	152	106	180	122	199	35	51	235	198	236	
97	143	213	0	60	225	134	172	176	258	203	103	157	177	53	23	260	144	106	105	108	141	60	177	199	
245	111	51	60	0	146	244	170	230	120	110	252	32	221	101	50	232	128	207	134	100	218	164	50	249	
215	163	154	225	146	0	185	256	117	164	168	47	84	193	7	42	221	150	131	253	43	134	237	110	251	
126	68	14	134	244	185	0	38	31	213	195	197	140	68	30	185	215	242	7	88	208	151	207	155	142	
116	78	232	172	170	256	38	0	47	96	100	150	138	17	191	224	186	210	186	157	118	174	100	161	14	
215	236	131	176	230	117	31	47	0	34	143	13	66	226	150	47	112	251	51	115	237	164	27	84	188	
253	250	236	258	120	164	213	96	34	0	192	139	238	220	203	233	234	241	147	189	53	254	88	210	58	
99	159	227	203	110	168	195	100	143	192	0	256	129	45	151	64	232	181	54	103	248	14	57	64	59	
244	110	243	103	252	47	197	150	13	139	256	0	108	49	83	50	150	212	196	241	230	202	156	60	37	
152	57	38	157	32	84	140	138	66	238	129	108	0	99	10	259	158	196	128	191	136	201	234	157	209	
238	95	148	177	221	193	68	17	226	220	45	49	99	0	164	250	195	107	259	28	144	127	226	159	216	
166	178	10	53	101	7	30	191	150	203	151	83	10	164	0	195	192	63	187	31	84	178	59	82	116	
216	215	152	23	50	42	185	224	47	233	64	50	259	250	195	0	130	169	109	77	64	249	227	240	158	
103	86	106	260	232	221	215	186	112	234	232	150	158	195	192	130	0	78	179	77	242	114	235	211	19	
162	240	180	144	128	150	242	210	251	241	181	212	196	107	63	169	78	0	138	223	64	147	256	233	171	
243	27	122	106	207	131	7	186	51	147	54	196	128	259	187	109	179	138	0	201	250	124	167	213	54	
105	23	199	105	134	253	88	157	115	189	103	241	191	28	31	77	77	223	201	0	9	253	102	177	174	
14	217	35	108	100	43	208	118	237	53	248	230	136	144	84	64	242	64	250	9	0	226	173	31	248	
152	197	51	141	218	134	151	174	164	254	14	202	201	127	178	249	114	147	124	253	226	0	156	179	33	
239	116	235	60	164	237	207	100	27	88	57	156	234	226	59	227	235	256	167	102	173	156	0	151	124	
204	25	198	177	50	110	155	161	84	210	64	60	157	159	82	240	211	233	213	177	31	179	151	0	220	
248	194	236	199	249	251	142	14	188	58	59	37	209	216	116	158	19	171	54	174	248	33	124	220	0	
-1	-1	-1	-1	-1	-1	-1	13	-1	-1	-1	-1	-1	19	-1	-1	-1	-1	-1	20	0	-1	-1	-1	7	
82
26 32093

0	92	136	193	87	105	18	118	176	160	82	41	129	81	113	13	99	226	63	18	248	221	130	49	33	91	
92	0	121	69	75	154	20	127	188	209	221	255	89	33	11	90	17	182	75	97	109	125	252	17	83	62	
136	121	0	155	84	212	137	107	37	91	188	44	168	133	233	182	235	71	102	15	69	187	64	173	115	16	
193	69	155	0	40	85	175	180	101	232	152	21	60	237	130	37	107	176	90	152	201	128	69	36	236	111	
87	75	84	40	0	227	168	204	89	189	25	219	257	104	192	161	196	43	16	119	173	170	59	68	139	118	
105	154	212	85	227	0	238	120	151	7	87	121	205	257	53	34	243	166	67	73	83	174	24	43	159	44	
18	20	137	175	168	238	0	195	224	159	100	238	54	65	158	44	192	189	11	222	38	232	189	28	248	189	
118	127	107	180	204	120	195	0	191	221	111	146	40	11	64	133	117	17	82	216	183	234	241	127	52	228	
176	188	37	101	89	151	224	191	0	103	58	12	221	56	29	159	19	12	238	158	230	114	147	107	190	20	
160	209	91	232	189	7	159	221	103	0	28	258	12	62	257	231	92	124	50	233	152	144	98	82	55	68	
82	221	188	152	25	87	100	111	58	28	0	228	156	211	61	181	146	255	243	22	252	56	154	147	90	126	
41	255	44	21	219	121	238	146	12	258	228	0	198	106	90	57	58	200	166	165	192	147	119	35	213	7	
129	89	168	60	257	205	54	40	221	12	156	198	0	97	8	34	220	237	62	55	107	67	72	62	178	115	
81	33	133	237	104	257	65	11	56	62	211	106	97	0	112	206	45	14	251	255	149	26	7	33	192	56	
113	11	233	130	192	53	158	64	29	257	61	90	8	112	0	53	28	31	30	210	164	38	258	129	34	58	
13	90	182	37	161	34	44	133	159	231	181	57	34	206	53	0	141	122	57	37	124	58	123	211	64	200	
99	17	235	107	196	243	192	117	19	92	146	58	220	45	28	141	0	67	190	161	53	213	150	147	222	8	
226	182	71	176	43	166	189	17	12	124	255	200	237	14	31	122	67	0	6	11	214	140	64	196	91	231	
63	75	102	90	16	67	11	82	238	50	243	166	62	251	30	57	190	6	0	27	118	202	144	213	92	131	
18	97	15	152	119	73	222	216	158	233	22	165	55	255	210	37	161	11	27	0	258	116	183	145	90	38	
248	109	69	201	173	83	38	183	230	152	252	192	107	149	164	124	53	214	118	258	0	259	117	58	41	34	
221	125	187	128	170	174	232	234	114	144	56	147	67	26	38	58	213	140	202	116	259	0	96	102	235	92	
130	252	64	69	59	24	189	241	147	98	154	119	72	7	258	123	150	64	144	183	117	96	0	204	25	124	
49	17	173	36	68	43	28	127	107	82	147	35	62	33	129	211	147	196	213	145	58	102	204	0	250	121	
33	83	115	236	139	159	248	52	190	55	90	213	178	192	34	64	222	91	92	90	41	235	25	250	0	178	
91	62	16	111	118	44	189	228	20	68	126	7	115	56	58	200	8	231	131	38	34	92	124	121	178	0	
-1	-1	-1	-1	-1	-1	-1	-1	-1	-1	-1	0	-1	-1	-1	-1	-1	-1	-1	-1	-1	-1	-1	-1	-1	11	
48
27 6673

0	104	72	59	8	231	151	40	106	7	27	42	90	39	187	219	126	199	233	31	9	12	76	222	98	221	235	
104	0	142	70	219	175	228	258	166	223	53	152	57	93	26	160	202	219	198	177	18	89	219	44	46	48	196	
72	142	0	258	68	229	71	40	249	87	216	97	230	163	17	199	69	214	151	255	148	122	158	86	143	32	105	
59	70	258	0	52	182	170	32	65	202	25	78	163	147	195	76	156	215	24	178	203	121	244	86	77	99	53	
8	219	68	52	0	178	198	148	201	68	55	174	94	179	61	87	161	84	137	150	44	94	226	116	7	141	156	
231	175	229	182	178	0	241	7	246	249	178	146	121	215	106	221	225	155	109	193	64	135	243	44	182	73	148	
151	228	71	170	198	241	0	98	100	190	107	33	256	116	97	88	95	23	233	68	198	8	105	239	159	237	80	
40	258	40	32	148	7	98	0	228	128	252	194	168	81	203	21	232	235	91	169	217	36	86	99	88	213	250	
106	166	249	65	201	246	100	228	0	189	241	196	35	48	24	21	51	55	188	69	209	174	76	10	37	76	28	
7	223	87	202	68	249	190	128	189	0	95	206	141	233	51	189	55	243	128	173	130	67	235	221	198	158	149	
27	53	216	25	55	178	107	252	241	95	0	41	196	76	58	114	59	69	109	142	25	229	89	199	67	111	226	
42	152	97	78	174	146	33	194	196	206	41	0	224	211	100	219	67	26	163	155	118	131	107	91	131	159	237	
90	57	230	163	94	121	256	168	35	141	196	224	0	7	95	208	71	33	178	100	194	16	148	36	203	191	220	
39	93	163	147	179	215	116	81	48	233	76	211	7	0	30	160	244	119	92	9	193	98	152	173	27	49	124	
187	26	17	195	61	106	97	203	24	51	58	100	95	30	0	16	176	81	227	259	255	151	76	176	69	221	87	
219	160	199	76	87	221	88	21	21	189	114	219	208	160	16	0	29	96	200	258	88	129	18	139	34	61	118	
126	202	69	156	161	225	95	232	51	55	59	67	71	244	176	29	0	185	120	182	32	31	163	60	59	247	54	
199	219	214	215	84	155	23	235	55	243	69	26	33	119	81	96	185	0	86	90	259	83	169	67	237	244	131	
233	198	151	24	137	109	233	91	188	128	109	163	178	92	227	200	120	86	0	225	86	123	164	210	205	126	79	
31	177	255	178	150	193	68	169	69	173	142	155	100	9	259	258	182	90	225	0	30	114	31	74	193	20	110	
9	18	148	203	44	64	198	217	209	130	25	118	194	193	255	88	32	259	86	30	0	110	196	225	37	42	118	
12	89	122	121	94	135	8	36	174	67	229	131	16	98	151	129	31	83	123	114	110	0	242	118	11	102	62	
76	219	158	244	226	243	105	86	76	235	89	107	148	152	76	18	163	169	164	31	196	242	0	233	142	220	231	
222	44	86	86	116	44	239	99	10	221	199	91	36	173	176	139	60	67	210	74	225	118	233	0	106	230	133	
98	46	143	77	7	182	159	88	37	198	67	131	203	27	69	34	59	237	205	193	37	11	142	106	0	134	99	
221	48	32	99	141	73	237	213	76	158	111	159	191	49	221	61	247	244	126	20	42	102	220	230	134	0	73	
235	196	105	53	156	148	80	250	28	149	226	237	220	124	87	118	54	131	79	110	118	62	231	133	99	73	0	
-1	-1	-1	-1	-1	-1	-1	-1	-1	-1	-1	-1	-1	-1	-1	-1	-1	-1	-1	-1	-1	0	-1	-1	-1	-1	21	
74
28 16904

0	14	45	220	96	34	225	161	202	57	58	170	30	44	27	151	245	86	134	255	55	128	103	203	142	80	195	205	
14	0	52	243	252	114	68	78	33	166	171	51	208	60	227	200	7	128	205	74	236	197	46	249	28	146	137	129	
45	52	0	210	107	180	161	214	217	58	228	91	190	27	16	177	115	20	6	247	132	258	171	55	10	153	171	94	
220	243	210	0	55	125	255	125	102	254	110	223	195	69	67	173	135	71	216	129	49	178	227	45	84	217	14	139	
96	252	107	55	0	105	177	141	106	194	76	217	254	7	27	167	203	130	72	19	49	172	238	34	17	169	22	5	
34	114	180	125	105	0	80	114	170	14	26	59	21	213	39	188	31	130	21	249	119	130	168	221	60	158	63	5	
225	68	161	255	177	80	0	119	223	96	103	72	158	260	131	235	48	201	26	84	173	223	144	11	125	41	226	148	
161	78	214	125	141	114	119	0	243	39	9	32	210	256	29	189	109	72	198	86	63	216	149	11	46	181	186	22	
202	33	217	102	106	170	223	243	0	179	35	80	75	229	247	222	214	156	146	9	107	244	37	128	20	213	216	63	
57	166	58	254	194	14	96	39	179	0	194	171	225	157	130	106	22	244	222	105	252	135	106	151	131	161	6	114	
58	171	228	110	76	26	103	9	35	194	0	36	237	205	25	213	37	176	9	23	145	19	104	155	53	223	107	203	
170	51	91	223	217	59	72	32	80	171	36	0	150	43	215	208	176	109	41	151	111	90	20	161	143	228	168	19	
30	208	190	195	254	21	158	210	75	225	237	150	0	121	26	231	123	6	206	66	96	127	237	252	21	31	162	115	
44	60	27	69	7	213	260	256	229	157	205	43	121	0	225	233	245	208	181	28	163	159	118	255	203	15	69	49	
27	227	16	67	27	39	131	29	247	130	25	215	26	225	0	162	123	24	146	187	257	196	105	176	43	110	135	182	
151	200	177	173	167	188	235	189	222	106	213	208	231	233	162	0	94	124	207	11	158	218	103	228	13	48	189	17	
245	7	115	135	203	31	48	109	214	22	37	176	123	245	123	94	0	193	128	204	186	61	16	112	197	213	79	113	
86	128	20	71	130	130	201	72	156	244	176	109	6	208	24	124	193	0	165	72	184	193	41	21	215	149	241	57	
134	205	6	216	72	21	26	198	146	222	9	41	206	181	146	207	128	165	0	213	164	115	60	70	236	56	232	201	
255	74	247	129	19	249	84	86	9	105	23	151	66	28	187	11	204	72	213	0	129	243	73	124	49	150	31	187	
55	236	132	49	49	119	173	63	107	252	145	111	96	163	257	158	186	184	164	129	0	116	229	57	231	103	129	37	
128	197	258	178	172	130	223	216	244	135	19	90	127	159	196	218	61	193	115	243	116	0	171	126	46	31	27	172	
103	46	171	227	238	168	144	149	37	106	104	20	237	118	105	103	16	41	60	73	229	171	0	192	168	194	176	214	
203	249	55	45	34	221	11	11	128	151	155	161	252	255	176	228	112	21	70	124	57	126	192	0	27	73	227	161	
142	28	10	84	17	60	125	46	20	131	53	143	21	203	43	13	197	215	236	49	231	46	168	27	0	72	53	194	
80	146	153	217	169	158	41	181	213	161	223	228	31	15	110	48	213	149	56	150	103	31	194	73	72	0	109	129	
195	137	171	14	22	63	226	186	216	6	107	168	162	69	135	189	79	241	232	31	129	27	176	227	53	109	0	127	
205	129	94	139	5	5	148	22	63	114	203	19	115	49	182	17	113	57	201	187	37	172	214	161	194	129	127	0	
-1	-1	-1	-1	-1	0	-1	-1	-1	-1	-1	-1	-1	-1	-1	-1	-1	-1	-1	-1	-1	-1	-1	-1	-1	-1	-1	5	
39
29 10720

0	101	150	258	185	92	218	246	236	119	244	76	75	160	85	257	223	73	10	203	131	60	49	148	245	221	235	136	233	
101	0	83	188	237	66	84	139	130	121	182	179	156	157	121	156	132	192	117	39	149	30	31	238	211	71	207	121	219	
150	83	0	104	237	93	224	150	111	6	194	185	215	239	125	144	222	76	126	235	227	182	25	175	121	179	25	212	175	
258	188	104	0	112	69	23	69	114	244	105	253	249	56	237	117	118	200	197	59	165	204	75	174	222	172	45	82	93	
185	237	237	112	0	42	172	102	19	227	183	113	81	111	99	20	15	153	188	161	123	253	208	258	125	187	125	141	170	
92	66	93	69	42	0	32	169	175	116	178	29	208	227	176	120	78	189	66	171	25	86	225	245	34	140	192	253	252	
218	84	224	23	172	32	0	237	211	259	71	176	101	132	87	212	133	210	89	242	65	67	67	121	220	36	228	202	229	
246	139	150	69	102	169	237	0	183	142	38	30	105	58	66	192	130	226	117	222	34	17	33	222	109	217	260	72	162	
236	130	111	114	19	175	211	183	0	66	176	96	123	68	47	202	29	62	15	255	7	147	31	51	151	99	223	220	194	
119	121	6	244	227	116	259	142	66	0	208	209	126	232	141	17	64	79	54	98	26	96	79	150	181	141	184	202	40	
244	182	194	105	183	178	71	38	176	208	0	201	196	176	129	234	71	251	174	232	28	19	175	248	155	107	99	34	121	
76	179	185	253	113	29	176	30	96	209	201	0	71	189	19	82	41	121	90	49	100	168	122	125	40	20	103	143	135	
75	156	215	249	81	208	101	105	123	126	196	71	0	168	56	141	38	146	44	11	254	119	94	64	169	35	30	40	70	
160	157	239	56	111	227	132	58	68	232	176	189	168	0	57	248	149	31	34	61	72	115	83	109	20	142	114	133	259	
85	121	125	237	99	176	87	66	47	141	129	19	56	57	0	134	177	154	231	88	107	161	236	214	99	184	134	168	170	
257	156	144	117	20	120	212	192	202	17	234	82	141	248	134	0	25	34	71	41	54	187	204	142	17	50	167	149	198	
223	132	222	118	15	78	133	130	29	64	71	41	38	149	177	25	0	204	184	31	156	217	239	85	229	236	37	6	166	
73	192	76	200	153	189	210	226	62	79	251	121	146	31	154	34	204	0	260	154	143	211	162	157	237	196	179	74	58	
10	117	126	197	188	66	89	117	15	54	174	90	44	34	231	71	184	260	0	220	81	82	160	121	97	19	142	181	199	
203	39	235	59	161	171	242	222	255	98	232	49	11	61	88	41	31	154	220	0	49	99	189	242	126	212	228	180	235	
131	149	227	165	123	25	65	34	7	26	28	100	254	72	107	54	156	143	81	49	0	31	239	56	97	33	193	211	234	
60	30	182	204	253	86	67	17	147	96	19	168	119	115	161	187	217	211	82	99	31	0	254	49	79	140	94	148	118	
49	31	25	75	208	225	67	33	31	79	175	122	94	83	236	204	239	162	160	189	239	254	0	221	177	48	256	113	186	
148	238	175	174	258	245	121	222	51	150	248	125	64	109	214	142	85	157	121	242	56	49	221	0	141	107	72	44	121	
245	211	121	222	125	34	220	109	151	181	155	40	169	20	99	17	229	237	97	126	97	79	177	141	0	56	137	144	226	
221	71	179	172	187	140	36	217	99	141	107	20	35	142	184	50	236	196	19	212	33	140	48	107	56	0	102	180	225	
235	207	25	45	125	192	228	260	223	184	99	103	30	114	134	167	37	179	142	228	193	94	256	72	137	102	0	177	260	
136	121	212	82	141	253	202	72	220	202	34	143	40	133	168	149	6	74	181	180	211	148	113	44	144	180	177	0	146	
233	219	175	93	170	252	229	162	194	40	121	135	70	259	170	198	166	58	199	235	234	118	186	121	226	225	260	146	0	
-1	-1	-1	-1	-1	-1	-1	-1	18	20	-1	-1	-1	-1	-1	-1	-1	-1	0	-1	8	-1	-1	-1	-1	-1	-1	-1	9	
98
30 5361

0	10	150	238	107	87	70	97	49	73	127	126	257	65	82	74	234	65	125	26	59	168	71	218	140	98	119	93	190	103	
10	0	65	32	143	98	179	112	234	68	95	95	34	80	195	125	116	23	97	204	219	25	176	142	203	161	130	260	229	221	
150	65	0	97	239	251	49	12	164	253	203	157	198	77	206	77	188	95	5	185	116	247	168	211	253	119	201	61	106	213	
238	32	97	0	199	65	61	141	57	232	119	68	153	259	154	20	51	248	216	26	240	23	57	125	90	91	233	33	246	204	
107	143	239	199	0	36	239	168	114	120	66	210	97	229	193	19	131	69	84	159	241	260	194	194	67	247	216	232	258	207	
87	98	251	65	36	0	80	247	72	106	62	218	147	169	174	10	202	222	69	9	14	227	168	144	186	181	187	16	77	210	
70	179	49	61	239	80	0	216	43	43	220	125	111	145	62	189	56	189	177	91	244	33	23	32	230	16	154	215	258	20	
97	112	12	141	168	247	216	0	69	158	105	169	217	79	78	76	60	120	13	75	71	243	222	212	95	216	227	125	212	204	
49	234	164	57	114	72	43	69	0	170	216	62	56	125	248	83	17	21	184	17	84	37	150	106	137	15	142	239	198	162	
73	68	253	232	120	106	43	158	170	0	130	80	168	196	183	177	134	202	193	14	256	112	55	178	75	149	164	96	236	213	
127	95	203	119	66	62	220	105	216	130	0	38	37	242	13	254	232	249	210	7	80	238	74	6	12	30	115	29	48	179	
126	95	157	68	210	218	125	169	62	80	38	0	89	157	230	91	11	248	172	222	86	112	128	175	138	22	167	93	222	205	
257	34	198	153	97	147	111	217	56	168	37	89	0	25	79	146	220	208	180	182	217	194	162	45	245	26	182	258	68	174	
65	80	77	259	229	169	145	79	125	196	242	157	25	0	33	73	117	208	157	182	257	194	7	163	52	14	137	206	45	242	
82	195	206	154	193	174	62	78	248	183	13	230	79	33	0	120	79	104	120	118	7	109	61	177	41	69	176	225	167	245	
74	125	77	20	19	10	189	76	83	177	254	91	146	73	120	0	79	26	23	41	74	196	10	101	161	62	246	173	33	80	
234	116	188	51	131	202	56	60	17	134	232	11	220	117	79	79	0	27	178	200	37	7	198	169	148	170	194	191	214	14	
65	23	95	248	69	222	189	120	21	202	249	248	208	208	104	26	27	0	142	35	202	141	64	114	205	213	85	159	97	198	
125	97	5	216	84	69	177	13	184	193	210	172	180	157	120	23	178	142	0	178	104	138	147	160	14	6	198	253	187	173	
26	204	185	26	159	9	91	75	17	14	7	222	182	182	118	41	200	35	178	0	210	106	75	55	48	179	196	129	206	196	
59	219	116	240	241	14	244	71	84	256	80	86	217	257	7	74	37	202	104	210	0	91	165	185	255	256	259	94	221	144	
168	25	247	23	260	227	33	243	37	112	238	112	194	194	109	196	7	141	138	106	91	0	233	65	194	256	193	252	20	133	
71	176	168	57	194	168	23	222	150	55	74	128	162	7	61	10	198	64	147	75	165	233	0	27	108	113	191	61	197	211	
218	142	211	125	194	144	32	212	106	178	6	175	45	163	177	101	169	114	160	55	185	65	27	0	21	103	111	24	22	80	
140	203	253	90	67	186	230	95	137	75	12	138	245	52	41	161	148	205	14	48	255	194	108	21	0	16	35	102	39	150	
98	161	119	91	247	181	16	216	15	149	30	22	26	14	69	62	170	213	6	179	256	256	113	103	16	0	203	92	39	246	
119	130	201	233	216	187	154	227	142	164	115	167	182	137	176	246	194	85	198	196	259	193	191	111	35	203	0	222	109	114	
93	260	61	33	232	16	215	125	239	96	29	93	258	206	225	173	191	159	253	129	94	252	61	24	102	92	222	0	257	254	
190	229	106	246	258	77	258	212	198	236	48	222	68	45	167	33	214	97	187	206	221	20	197	22	39	39	109	257	0	242	
103	221	213	204	207	210	20	204	162	213	179	205	174	242	245	80	14	198	173	196	144	133	211	80	150	246	114	254	242	0	
-1	0	-1	-1	-1	-1	-1	-1	-1	-1	-1	-1	-1	-1	-1	-1	21	-1	-1	-1	-1	1	-1	-1	-1	-1	-1	-1	-1	16	
56
31 27405

0	227	238	170	58	235	27	130	171	189	164	169	209	154	69	156	9	230	141	65	75	133	120	71	107	7	151	98	177	63	26	
227	0	123	71	133	143	96	235	242	45	186	99	92	161	220	195	113	215	24	26	104	74	249	6	161	236	254	128	246	92	251	
238	123	0	111	24	8	132	244	225	41	197	41	182	36	234	26	232	182	229	141	148	107	207	84	135	36	150	138	26	162	60	
170	71	111	0	106	81	103	228	138	66	225	134	82	232	40	191	195	164	44	104	175	47	162	229	75	78	224	61	233	35	57	
58	133	24	106	0	12	103	78	59	99	25	119	206	107	66	257	109	64	83	104	203	17	5	6	163	138	132	255	240	71	61	
235	143	8	81	12	0	194	178	142	179	115	151	73	104	77	99	70	247	215	95	239	85	31	110	241	16	161	38	59	217	16	
27	96	132	103	103	194	0	144	22	83	48	177	254	225	260	191	125	29	68	168	82	124	25	249	64	137	100	156	128	159	211	
130	235	244	228	78	178	144	0	132	227	247	105	51	153	214	210	59	118	196	40	238	250	251	252	154	32	159	153	132	198	254	
171	242	225	138	59	142	22	132	0	42	153	43	111	210	27	121	186	173	127	218	196	20	46	152	132	143	43	76	130	86	97	
189	45	41	66	99	179	83	227	42	0	194	110	104	68	68	254	118	142	206	113	190	53	73	62	121	253	92	243	110	8	214	
164	186	197	225	25	115	48	247	153	194	0	107	153	45	254	204	258	115	50	85	63	52	42	34	183	210	108	256	127	64	57	
169	99	41	134	119	151	177	105	43	110	107	0	31	237	259	119	44	212	79	36	227	242	27	174	45	183	221	36	162	243	80	
209	92	182	82	206	73	254	51	111	104	153	31	0	32	95	88	201	83	28	136	65	113	181	238	98	90	177	159	9	12	222	
154	161	36	232	107	104	225	153	210	68	45	237	32	0	134	77	74	184	230	54	112	160	197	226	149	98	202	197	64	123	176	
69	220	234	40	66	77	260	214	27	68	254	259	95	134	0	248	32	239	57	88	54	35	58	227	12	190	151	182	83	66	141	
156	195	26	191	257	99	191	210	121	254	204	119	88	77	248	0	129	207	230	105	165	17	194	171	9	94	11	165	169	177	138	
9	113	232	195	109	70	125	59	186	118	258	44	201	74	32	129	0	15	240	34	141	40	233	198	86	180	121	57	116	235	150	
230	215	182	164	64	247	29	118	173	142	115	212	83	184	239	207	15	0	149	233	26	57	110	76	83	13	159	80	159	220	100	
141	24	229	44	83	215	68	196	127	206	50	79	28	230	57	230	240	149	0	30	191	203	136	47	51	140	146	51	215	131	8	
65	26	141	104	104	95	168	40	218	113	85	36	136	54	88	105	34	233	30	0	148	183	155	93	174	93	209	6	117	91	236	
75	104	148	175	203	239	82	238	196	190	63	227	65	112	54	165	141	26	191	148	0	245	94	165	244	252	150	225	123	82	177	
133	74	107	47	17	85	124	250	20	53	52	242	113	160	35	17	40	57	203	183	245	0	216	258	48	183	69	115	69	196	199	
120	249	207	162	5	31	25	251	46	73	42	27	181	197	58	194	233	110	136	155	94	216	0	126	40	128	77	78	190	21	252	
71	6	84	229	6	110	249	252	152	62	34	174	238	226	227	171	198	76	47	93	165	258	126	0	37	28	173	138	256	78	250	
107	161	135	75	163	241	64	154	132	121	183	45	98	149	12	9	86	83	51	174	244	48	40	37	0	113	177	31	96	31	225	
7	236	36	78	138	16	137	32	143	253	210	183	90	98	190	94	180	13	140	93	252	183	128	28	113	0	64	137	67	83	74	
151	254	150	224	132	161	100	159	43	92	108	221	177	202	151	11	121	159	146	209	150	69	77	173	177	64	0	249	245	62	51	
98	128	138	61	255	38	156	153	76	243	256	36	159	197	182	165	57	80	51	6	225	115	78	138	31	137	249	0	252	22	243	
177	246	26	233	240	59	128	132	130	110	127	162	9	64	83	169	116	159	215	117	123	69	190	256	96	67	245	252	0	224	38	
63	92	162	35	71	217	159	198	86	8	64	243	12	123	66	177	235	220	131	91	82	196	21	78	31	83	62	22	224	0	210	
26	251	60	57	61	16	211	254	97	214	57	80	222	176	141	138	150	100	8	236	177	199	252	250	225	74	51	243	38	210	0	
-1	-1	-1	-1	-1	-1	-1	-1	-1	-1	-1	-1	-1	-1	-1	-1	-1	-1	-1	-1	-1	-1	-1	-1	-1	-1	-1	-1	-1	-1	0	
26
32 1543

0	85	68	56	186	7	141	193	158	104	246	168	12	177	136	255	130	44	191	112	133	143	190	35	12	48	98	141	38	65	257	166	
85	0	12	147	21	246	10	150	133	46	251	32	152	26	146	96	53	57	214	155	142	99	22	121	206	124	127	116	190	206	77	161	
68	12	0	77	67	260	120	88	12	183	143	256	40	254	179	56	125	32	146	100	35	236	229	212	176	170	116	248	186	16	127	226	
56	147	77	0	111	192	174	241	192	156	231	235	32	240	70	176	49	253	79	34	18	89	163	59	130	177	206	215	192	209	148	229	
186	21	67	111	0	38	53	39	56	246	72	25	68	195	182	180	214	149	183	146	207	234	29	122	134	113	79	159	149	152	68	29	
7	246	260	192	38	0	150	184	204	82	254	177	174	41	88	166	97	230	252	69	139	11	6	189	249	213	48	220	207	252	129	98	
141	10	120	174	53	150	0	197	159	115	181	139	48	170	115	232	203	110	230	109	36	38	238	78	47	193	233	25	240	7	133	248	
